100    0.039467
101    0.323906
102    0.255867
103    0.552252
104    0.390320
105    0.140819
106    0.157674
107    0.124611
108    0.600743
109    0.341114
110    0.318639
111    0.127242
112    0.139544
113    0.276690
114    0.481768
115    0.548691
116    0.176704
117    0.114760
118    0.196414
119    0.294711

100    0.035217
101    0.341053
102    0.243201
103    0.540357
104    0.359006
105    0.129638
106    0.199138
107    0.097677
108    0.612376
109    0.314228
110    0.277133
111    0.141482
112    0.146645
113    0.317601
114    0.421770
115    0.483316
116    0.172107
117    0.107912
118    0.247591
119    0.293486